238,2
238,1
238,0
133,8
133,7
133,6
133,5
133,4
133,3
133,2
133,1
133,0
116,4
116,3
116,2
116,1
116,0
107,4
107,3
107,2
107,1
107,0
16,4
16,3
16,2
16,1
16,0
4,3
4,2
4,1
4,0
3,6
3,5
3,4
3,3
3,2
3,1
3,0
2,29
2,28
2,27
2,26
2,25
2,24
2,23
2,22
2,21
2,20
2,19
2,18
2,17
2,16
2,15
2,14
2,13
2,12
2,11
2,10
2,9
2,8
2,7
2,6
2,5
2,4
2,3
2,2
2,1
2,0
1,5
1,4
1,3
1,2
1,1
1,0
0,487
0,480
0,478
0,475
0,474
0,473
0,471
0,470
0,468
0,466
0,465
0,464
0,463
0,462
0,461
0,410
0,352
0,351
0,322
0,243
0,9
0,1
0,0
0,310
0,305
0,493
0,477
0,469
0,457
0,459
0,460
0,354
0,488
0,448
0,455
0,308
0,304
0,303
0,302
0,307
0,467
0,12
0,391
0,10
0,447
0,8
0,336
0,300
0,377
0,299
0,355
0,298
0,321
0,297
0,376
0,296
0,335
0,295
0,372
0,294
0,499
0,293
0,309
0,292
0,498
0,291
0,316
0,290
0,375
0,289
0,434
0,288
0,394
0,287
0,353
0,286
0,306
0,285
0,386
0,284
0,433
0,283
0,362
0,282
0,428
0,281
0,371
0,280
0,338
0,279
0,314
0,278
0,380
0,277
0,318
0,276
0,327
0,275
0,313
238,3
238,4
246,1
246,2
246,4
246,5
246,7
247,1
247,2
247,4
248,0
248,2
248,4
248,5
249,0
249,1
249,3
249,4
250,0
250,2
250,3
250,5
251,0
251,2
252,0
252,1
252,3
252,4
253,0
253,1
253,3
253,5
253,6
253,8
253,9
253,11
253,13
253,14
253,16
253,17
254,0
254,1
254,3
255,0
255,1
255,3
255,4
255,6
255,8
255,9
255,11
255,12
255,14
255,16
255,17
255,19
255,20
255,22
255,23
255,25
255,27
255,29
255,31
255,32
256,0
256,2
256,3
256,5
256,6
257,1
257,2
258,0
258,2
258,3
259,0
259,1
259,3
259,5
260,0
260,2
260,3
260,5
261,0
261,2
262,0
262,1
262,3
263,0
263,2
263,4
264,0
264,2
264,3
265,0
265,2
265,3
265,5
266,0
266,2
266,3
267,0
267,2
267,3
268,1
268,2
268,4
269,0
269,1
269,3
269,4
270,1
270,2
271,0
271,2
271,3
272,1
272,2
272,4
273,0
273,1
273,3
273,4
274,1
274,2
274,4
275,1
275,2
276,0
276,1
276,3
277,0
277,1
277,3
277,4
278,1
278,2
279,0
279,2
279,3
280,0
280,1
280,3
281,1
281,2
281,4
282,0
282,2
283,0
283,1
283,3
283,4
284,1
284,2
285,0
285,2
285,3
286,0
286,1
286,3
287,0
287,1
287,3
288,0
288,2
288,3
289,0
289,2
289,3
290,1
290,2
291,0
291,2
291,3
292,0
292,1
292,3
292,4
293,1
293,3
294,0
294,2
294,3
295,0
295,2
295,3
296,1
296,2
296,4
297,1
297,2
298,0
298,1
298,3
298,4
299,1
299,3
300,0
300,2
300,3
301,0
301,2
301,3
302,0
302,1
302,3
302,4
303,1
303,3
304,0
304,2
304,3
305,0
305,2
305,3
306,1
306,2
306,4
307,0
307,2
307,4
308,0
308,2
308,3
309,0
309,2
309,3
310,0
310,1
310,3
310,4
311,1
311,3
311,4
312,1
312,2
312,4
312,6
313,0
313,2
313,3
313,5
314,1
314,2
314,4
315,0
315,2
315,3
316,0
316,2
316,3
317,1
317,2
317,4
318,0
318,1
318,3
318,4
319,1
319,2
319,4
320,0
320,1
320,3
320,4
321,0
321,2
321,3
321,5
322,0
322,2
322,3
322,5
323,1
323,2
324,0
324,1
324,3
324,5
325,0
325,2
325,3
326,0
326,2
326,3
326,5
327,0
327,2
327,3
327,5
328,1
328,2
328,4
328,5
329,1
329,3
330,0
330,2
330,3
332,0
332,1
332,3
333,0
333,1
333,3
333,4
333,6
333,8
334,0
334,2
334,3
334,5
334,6
335,1
335,3
335,4
335,6
336,0
336,2
337,0
337,1
337,3
337,4
338,1
338,3
338,4
338,6
340,0
340,2
340,3
341,0
341,2
341,3
341,5
341,6
341,8
344,1
344,2
344,4
345,0
345,2
345,3
345,5
346,0
346,1
346,3
347,0
347,2
347,4
347,5
347,7
347,8
348,0
348,1
348,3
349,0
349,1
349,3
349,4
349,6
350,1
350,2
350,4
350,5
351,0
351,1
351,3
352,1
352,2
352,4
352,5
353,0
353,2
353,3
353,5
354,0
354,2
354,4
355,0
355,2
355,3
356,0
356,1
356,3
356,5
357,0
357,2
357,3
357,5
358,1
358,2
358,4
358,5
359,1
359,2
359,4
360,0
360,1
360,3
360,4
361,0
361,2
361,3
362,0
362,1
362,3
362,4
364,1
364,3
364,4
364,6
364,7
365,0
365,2
365,3
365,5
366,0
366,2
366,4
366,5
367,1
367,2
367,4
368,0
368,2
368,4
368,5
369,1
369,2
369,4
370,1
370,2
370,4
370,5
371,1
371,2
371,4
372,0
372,1
372,3
372,4
373,1
373,3
373,4
374,1
374,2
375,0
375,1
375,3
375,5
376,0
376,2
376,3
377,0
377,2
377,3
377,5
378,0
378,2
378,3
379,0
379,2
379,3
380,1
380,2
380,4
381,1
381,2
381,4
382,0
382,2
382,4
382,5
383,1
383,2
383,4
384,0
384,2
384,4
385,0
385,2
385,3
386,0
386,2
386,3
387,1
387,2
387,4
388,0
388,2
388,4
388,5
389,1
389,2
389,4
390,1
390,2
391,0
391,1
391,3
391,4
392,1
392,3
393,0
393,2
393,3
394,1
394,3
394,4
395,1
395,2
396,0
396,2
396,3
397,0
397,1
397,3
398,0
398,2
398,4
399,0
399,2
399,3
400,0
400,2
400,3
401,0
401,1
401,3
402,0
402,2
402,4
403,0
403,2
403,3
403,5
403,7
404,0
404,2
404,3
404,5
404,6
404,8
404,10
404,11
404,13
404,14
405,1
405,3
405,4
406,1
406,2
407,0
407,1
407,3
408,0
408,1
408,3
408,4
408,6
409,0
409,1
409,3
409,4
409,6
410,1
410,2
411,0
411,1
411,3
411,4
411,6
412,1
412,2
412,4
412,5
413,0
413,2
413,3
413,5
413,6
414,0
414,1
414,3
415,1
415,2
416,0
416,1
416,3
417,0
417,1
417,3
417,4
418,1
418,2
418,4
419,0
419,1
419,3
419,4
419,6
420,1
420,2
420,4
421,0
421,2
421,4
421,5
422,0
422,1
422,3
423,0
423,2
424,0
424,1
424,3
424,4
425,1
425,3
426,0
426,2
426,3
426,5
426,6
427,1
427,3
427,4
427,6
428,0
428,2
428,4
428,5
429,0
429,1
429,3
429,4
429,6
430,1
430,2
430,4
430,5
431,0
431,2
431,3
431,5
431,6
432,1
432,3
432,4
433,1
433,2
434,0
434,1
434,3
435,1
435,2
435,4
436,0
436,2
436,4
438,0
438,2
438,3
439,1
439,2
439,4
440,1
440,2
440,4
440,5
441,1
441,3
441,4
441,6
442,0
442,2
442,3
442,5
442,7
442,8
442,10
442,11
442,13
442,15
442,16
443,1
443,2
443,4
444,0
444,2
444,4
444,5
444,7
445,0
445,2
445,4
445,5
445,7
445,8
446,1
446,3
446,4
447,1
447,2
447,4
447,5
448,1
448,3
448,4
449,0
449,1
449,3
450,0
450,1
450,3
450,4
451,1
451,2
452,0
452,2
452,3
453,1
453,2
453,4
454,1
454,2
455,0
455,1
455,3
455,4
456,0
456,2
456,3
456,5
456,6
457,0
457,2
457,3
458,1
458,2
458,4
459,1
459,2
460,0
460,1
460,3
460,4
461,1
461,3
461,4
462,1
462,2
463,0
463,2
463,3
464,0
464,1
464,3
465,0
465,2
465,4
466,0
466,2
466,3
467,1
467,3
467,4
468,1
468,2
469,0
469,1
469,3
470,0
470,1
470,3
470,4
470,6
470,8
471,0
471,2
471,3
473,1
473,2
473,4
474,0
474,1
474,3
474,4
475,1
475,3
475,4
476,1
476,2
476,4
477,1
477,2
477,4
478,0
478,2
478,3
478,5
478,7
479,0
479,2
479,3
480,0
480,2
480,3
481,1
481,2
481,4
482,0
482,2
482,4
482,5
482,7
483,0
483,2
483,4
483,5
484,1
484,2
484,4
485,0
485,2
485,4
485,5
485,7
485,8
486,1
486,3
486,4
486,6
487,0
487,2
487,4
487,5
487,7
487,8
488,1
488,2
488,4
488,6
488,7
489,0
489,1
489,3
491,1
491,2
491,4
491,5
492,1
492,2
492,4
493,0
493,1
493,3
494,0
494,2
494,4
494,3
494,1
493,2
492,5
492,3
492,0
491,3
491,0
489,2
488,8
488,5
488,3
488,0
487,6
487,3
487,1
486,5
486,2
486,0
485,6
485,3
485,1
484,3
484,0
483,3
483,1
482,6
482,3
482,1
481,3
481,0
480,1
479,4
479,1
478,6
478,4
478,1
477,3
477,0
476,3
476,0
475,2
475,0
474,2
473,6
473,3
473,0
471,1
470,7
470,5
470,2
469,4
469,2
468,3
468,0
467,2
467,0
466,1
465,3
465,1
464,2
463,4
463,1
462,3
462,0
461,2
461,0
460,2
459,3
459,0
458,3
458,0
457,1
456,7
456,4
456,1
455,5
455,2
454,3
454,0
453,3
453,0
452,1
451,3
451,0
450,2
449,4
449,2
448,5
448,2
448,0
447,3
447,0
446,2
446,0
445,6
445,3
445,1
444,6
444,3
444,1
443,3
443,0
442,14
442,12
442,9
442,6
442,4
442,1
441,5
441,2
441,0
440,3
440,0
439,3
439,0
438,1
436,3
436,1
435,3
435,0
434,2
433,3
433,0
432,2
432,0
431,4
431,1
430,6
430,3
430,0
429,5
429,2
428,6
428,3
428,1
427,5
427,2
427,0
426,4
426,1
425,2
425,0
424,2
423,3
423,1
422,2
421,6
421,3
421,1
420,3
420,0
419,5
419,2
418,5
418,3
418,0
417,2
416,4
416,2
415,3
415,0
414,2
413,7
413,4
413,1
412,6
412,3
412,0
411,5
411,2
410,3
410,0
409,5
409,2
408,7
408,5
408,2
407,4
407,2
406,3
406,0
405,2
405,0
404,12
404,9
404,7
404,4
404,1
403,6
403,4
403,1
402,3
402,1
401,2
400,4
400,1
399,4
399,1
398,3
398,1
397,2
396,4
396,1
395,3
395,0
394,2
394,0
393,1
392,2
392,0
391,2
390,3
390,0
389,3
389,0
388,3
388,1
387,3
387,0
386,1
385,4
385,1
384,3
384,1
383,3
383,0
382,3
382,1
381,3
381,0
380,3
380,0
379,1
378,4
378,1
377,4
377,1
376,4
376,1
375,4
375,2
374,3
374,0
373,2
373,0
372,2
371,5
371,3
371,0
370,3
370,0
369,3
369,0
368,3
368,1
367,3
367,0
366,3
366,1
365,4
365,1
364,8
364,5
364,2
364,0
362,2
361,4
361,1
360,5
360,2
359,5
359,3
359,0
358,3
358,0
357,4
357,1
356,4
356,2
355,4
355,1
354,3
354,1
353,4
353,1
352,6
352,3
352,0
351,2
350,6
350,3
350,0
349,5
349,2
348,4
348,2
347,9
347,6
347,3
347,1
346,2
345,6
345,4
345,1
344,3
344,0
341,7
341,4
341,1
340,4
340,1
338,5
338,2
338,0
337,2
336,3
336,1
335,5
335,2
335,0
334,4
334,1
333,7
333,5
333,2
332,4
332,2
330,4
330,1
329,2
329,0
328,3
328,0
327,4
327,1
326,4
326,1
325,4
325,1
324,4
324,2
323,3
323,0
322,4
322,1
321,4
321,1
320,5
320,2
319,5
319,3
319,0
318,2
317,5
317,3
317,0
316,1
315,4
315,1
314,3
314,0
313,4
313,1
312,5
312,3
312,0
311,2
311,0
310,2
309,4
309,1
308,4
308,1
307,3
307,1
306,3
306,0
305,1
304,4
304,1
303,2
303,0
302,2
301,4
301,1
300,4
300,1
299,2
299,0
298,2
297,3
297,0
296,3
296,0
295,1
294,4
294,1
293,2
293,0
292,2
291,4
291,1
290,3
290,0
289,1
288,4
288,1
287,2
286,4
286,2
285,4
285,1
284,3
284,0
283,2
282,3
282,1
281,3
281,0
280,2
279,4
279,1
278,3
278,0
277,2
276,4
276,2
275,3
275,0
274,3
274,0
273,2
272,5
272,3
272,0
271,1
270,3
270,0
269,2
268,5
268,3
268,0
267,1
266,4
266,1
265,4
265,1
264,4
264,1
263,3
263,1
262,2
261,3
261,1
260,4
260,1
259,4
259,2
258,4
258,1
257,3
257,0
256,4
256,1
255,33
255,30
255,26
255,24
255,21
255,18
255,15
255,13
255,10
255,7
255,5
255,2
254,4
254,2
253,18
253,15
253,12
253,10
253,7
253,4
253,2
252,5
252,2
251,3
251,1
250,4
250,1
249,5
249,2
248,6
248,3
248,1
247,3
247,0
246,6
246,3
246,0
0,274
0,361
0,273
0,370
0,272
0,330
0,271
0,315
0,270
0,453
0,269
0,374
0,268
0,301
0,267
0,384
0,266
0,360
0,265
0,312
0,264
0,426
0,263
0,446
0,262
0,350
0,261
0,359
0,260
0,343
0,259
0,317
0,258
0,373
0,257
0,445
0,256
0,325
0,255
0,329
0,254
0,489
0,253
0,425
0,252
0,444
0,251
0,385
0,250
0,424
0,249
0,349
0,248
0,358
0,247
0,423
0,246
0,342
0,245
0,422
0,244
0,369
0,242
0,379
0,241
0,443
0,240
0,357
0,239
0,390
0,238
0,311
0,237
0,348
0,236
0,440
0,235
0,419
0,234
0,341
0,233
0,486
0,232
0,418
0,231
0,378
0,230
0,328
0,229
0,415
0,228
0,438
0,227
0,340
0,226
0,485
0,225
0,333
0,224
0,347
0,223
0,484
0,222
0,337
0,221
0,387
0,220
0,396
0,219
0,451
0,218
0,504
0,217
0,345
0,216
0,326
0,215
0,414
0,214
0,437
0,213
0,496
0,212
0,356
0,211
0,494
0,210
0,412
0,209
0,320
0,208
0,483
0,207
0,401
0,206
0,389
0,205
0,319
0,204
0,395
0,203
0,324
0,202
0,392
0,201
0,511
0,200
0,367
0,199
0,346
0,198
0,436
0,197
0,510
0,196
0,323
0,195
0,393
0,194
0,454
0,193
0,509
0,192
0,429
0,63
0,366
0,62
0,344
0,61
0,365
0,60
0,334
0,59
0,416
0,58
0,492
0,57
0,339
0,56
0,435
0,55
0,491
0,54
0,388
0,53
0,364
0,52
0,363
0,51
0,472
0,50
0,49
0,507
0,48
0,47
0,502
0,46
0,506
0,45
0,501
0,6
0,5
0,450
0,11
0,4
0,2
0,3
0,7
